1, 0.108748, 0.197641, 0.24805, 0.155745, 0.0169605, 0.090351, 0.123918, 0.0855038, 0.009756, 0.0572338, 0.0825927, 0.059631
5, 0.00790489, 0.0413033, 0.0618097, 0.0462966, 0.00707503, 0.0318053, 0.0494214, 0.0380234, 0.00676128, 0.0256402, 0.041040
1, 0.0325356, 0.00648717, 0.0211532, 0.0351478, 0.0284641, 0.00642232, 0.0179094, 0.030605, 0.0254946, 0.00627583, 0.0152772
, 0.0271733, 0.0230536, 0.00628287, 0.0132856, 0.0243036, 0.021201, 0.00617978, 0.011539, 0.0220616, 0.0195589, 0.00621446,
0.010197, 0.0200685, 0.0182977, 0.00612975, 0.00894099, 0.0184912, 0.0171056, 0.00617707, 0.00797863, 0.017014, 0.0161947, 0
.00610131, 0.00702253, 0.0158452, 0.0152809, 0.00615513, 0.00630114, 0.0146971, 0.0145946, 0.00608418, 0.00554156, 0.0137971
, 0.0138646, 0.00614163, 0.00498253, 0.0128714, 0.0133307, 0.00607346, 0.00435863, 0.0121576, 0.0127285, 0.00613306, 0.00391
412, 0.0113893, 0.0123027, 0.00606659, 0.00338775, 0.0108097, 0.0117928, 0.00612755, 0.00302697, 0.0101568, 0.0114465, 0.006
06217, 0.002573, 0.00967698, 0.0110053, 0.006124, 0.00227523, 0.00911092, 0.0107189, 0.00605934, 0.00187641, 0.00870732, 0.0
103304, 0.00612176, 0.00162719, 0.00820834, 0.0100904, 0.00605758, 0.00127131, 0.00786411, 0.00974286, 0.00612042, 0.0010602
2, 0.00741791, 0.00953937, 0.00605658, 0.000738368, 0.00712078, 0.00922445, 0.0061197, 0.000557742, 0.00671677, 0.00905019,
0.00605611, 0.000263248, 0.00645755, 0.00876154, 0.00611944, 0.000107278, 0.00608772, 0.00861096, 0.00605603, 0.000164933, 0
.00585941, 0.00834375, 0.00611951, 0.000300713, 0.00551759, 0.0082126, 0.00605623, 0.00055459, 0.00531472, 0.00796304, 0.006
11983, 0.000673685, 0.00499607, 0.00784797, 0.00605665, 0.000912347, 0.00481432, 0.00761307, 0.00612034, 0.00101755, 0.00451
496, 0.00751141, 0.00605723, 0.0012435, 0.00435087, 0.00728877, 0.00612099, 0.00133706, 0.00406769, 0.00719834, 0.00605795,
0.00155234, 0.00391842, 0.006986, 0.00612177, 0.00163611, 0.00364884, 0.00690502, 0.00605878, 0.00184241, 0.00351207, 0.0067
0137, 0.00612263, 0.00191792, 0.00325396, 0.00662835, 0.00605969, 0.00211664, 0.00312772, 0.00643202, 0.00612358, 0.0021852,
 0.00287928, 0.00636573, 0.00606067, 0.00237752, 0.00276192, 0.00617556, 0.0061246, 0.00244022, 0.00252162, 0.00611492, 0.00
606172, 0.00262718, 0.00241171, 0.00592993, 0.00612569, 0.00268497, 0.00217822, 0.00587403, 0.00606284, 0.00286746, 0.002074
53, 0.00569335, 0.00612683, 0.00292117, 0.00184669, 0.00564136, 0.00606401, 0.00309997, 0.00174811, 0.00546423, 0.00612803,
0.00315035, 0.0015249, 0.00541544, 0.00606523, 0.00332616, 0.00143046, 0.00524118, 0.00612928, 0.00337388, 0.00121092, 0.005
19493, 0.00606652, 0.00354733, 0.00111973, 0.00502291, 0.00613059, 0.003593, 0.000903028, 0.00497862, 0.00606786, 0.00376468
, 0.000814263, 0.00480826, 0.00613196, 0.00380887, 0.000599588, 0.00476535, 0.00606926, 0.00397935, 0.000512471, 0.00459612,
 0.0061334, 0.00402259, 0.000299071, 0.00455407, 0.00607072, 0.00419238, 0.000212859, 0.00438543, 0.0061349, 0.0042352, 1.08
988e-015, 0.00434373, 0.00607226, 0.00440483, 8.60314e-005, 0.00417519, 0.00613647, 0.00444774, 0.000299071, 0.00413332, 0.0
0607388, 0.00461772, 0.000385644, 0.00396436, 0.00613813, 0.00466124, 0.000599588, 0.00392182, 0.00607558, 0.00483208, 0.000
687435, 0.00375192, 0.00613988, 0.00487673, 0.000903028, 0.00370818, 0.00607738, 0.00504898, 0.000992906, 0.00353682, 0.0061
4174, 0.00509531, 0.00121092, 0.00349134, 0.00607929, 0.00526953, 0.00130363, 0.00331794, 0.00614371, 0.00531813, 0.0015249,
 0.00327013, 0.00608133, 0.00549492, 0.00162129, 0.0030941, 0.00614581, 0.00554641, 0.00184669, 0.00304333, 0.00608351, 0.00
572643, 0.0019477, 0.002864, 0.00614807, 0.00578151, 0.00217822, 0.00280958, 0.00608585, 0.00596549, 0.00228488, 0.00262622,
 0.0061505, 0.00602492, 0.00252162, 0.00256737, 0.00608837, 0.00621368, 0.00263509, 0.00237915, 0.00615313, 0.00627835, 0.00
287928, 0.00231499, 0.00609112, 0.00647282, 0.00300089, 0.00212098, 0.006156, 0.00654372, 0.00325396, 0.0020505, 0.00609412,
 0.00674498, 0.00338524, 0.0018496, 0.00615915, 0.00682327, 0.00364884, 0.00177162, 0.00609743, 0.00703259, 0.00379159, 0.00
156255, 0.00616262, 0.00711965, 0.00406769, 0.00147568, 0.00610109, 0.00733852, 0.00422404, 0.00125692, 0.00616648, 0.007435
98, 0.00451496, 0.00115949, 0.00610517, 0.0076662, 0.00468749, 0.000929213, 0.00617081, 0.00777606, 0.00499607, 0.000819201,
 0.00610977, 0.00801981, 0.00518789, 0.000575179, 0.00617572, 0.00814449, 0.00551759, 0.000450112, 0.006115, 0.00840449, 0.0
0573258, 0.000189579, 0.00618132, 0.008547, 0.00608772, 4.63697e-005, 0.00612102, 0.00882663, 0.00633072, 0.000234142, 0.006
18779, 0.0089908, 0.00671677, 0.0003994, 0.006128, 0.00929437, 0.00699395, 0.00070431, 0.00619536, 0.00948508, 0.00741791, 0
.000896644, 0.00613624, 0.00981817, 0.00773728, 0.00123169, 0.00620434, 0.0100418, 0.00820834, 0.00145769, 0.00614608, 0.010
4118, 0.00858049, 0.00183048, 0.00621518, 0.0106769, 0.00911092, 0.00209896, 0.00615806, 0.0110937, 0.00955015, 0.00251979,
0.00622849, 0.011412, 0.0101568, 0.00284285, 0.00617294, 0.0118894, 0.0106829, 0.00332602, 0.00624522, 0.0122771, 0.0113893,
 0.00372072, 0.00619187, 0.0128348, 0.0120308, 0.00428674, 0.0062668, 0.0133158, 0.0128714, 0.00477794, 0.00621666, 0.013982
7, 0.0136703, 0.00545727, 0.00629553, 0.0145927, 0.0146971, 0.00608272, 0.00625028, 0.0154136, 0.0157184, 0.0069227, 0.00633
532, 0.0162094, 0.017014, 0.00774259, 0.00629799, 0.0172571, 0.0183644, 0.00882098, 0.00639333, 0.018334, 0.0200685, 0.00993
756, 0.00636972, 0.0197357, 0.0219348, 0.0113916, 0.00648379, 0.0212672, 0.0243036, 0.0129936, 0.00648648, 0.0232663, 0.0270
464, 0.0150902, 0.00663879, 0.0256047, 0.030605, 0.0175683, 0.0066995, 0.028732, 0.035021, 0.0209036, 0.0069447, 0.0327173,
0.0410401, 0.0252163, 0.00716477, 0.0383881, 0.0492945, 0.031441, 0.00771027, 0.0466167, 0.0618097, 0.0407092, 0.00857786, 0
.060211, 0.0824658, 0.0565891, 0.0108516, 0.0862067, 0.123918, 0.0891994, 0.0186188, 0.157225, 0.247923, 0.195224, 0.113978,